3
6
7
11
11
12
12
16
18
22
23
24
28
34
35
35
35
36
38
41
46
51
52
53
56
58
60
61
62
63
63
65
67
70
72
73
75
79
83
85
85
86
89
93
94
97
97
99
101
105
108
108
109
109
110
110
111
111
111
112
112
114
118
122
126
129
129
130
130
131
131
132
136
141
141
144
147
148
148
150
151
152
162
163
164
164
165
167
167
168
169
169
170
173
181
182
183
186
190
192
193
194
194
203
203
206
207
208
209
209
212
214
218
223
224
226
231
232
233
234
234
236
238
238
239
239
242
244
254
261
264
267
274
274
275
275
277
280
282
287
288
288
290
292
293
297
297
297
301
305
306
307
309
310
310
313
317
318
319
322
325
329
334
335
335
335
341
344
347
354
357
358
359
360
360
361
361
365
366
366
366
368
369
370
371
371
372
374
377
377
377
379
380
385
393
393
396
398
399
399
402
402
403
407
407
407
410
413
417
418
418
419
421
423
429
433
435
437
439
440
441
442
442
445
447
449
450
451
452
454
458
462
463
465
467
469
469
471
473
474
474
474
475
477
478
479
483
484
484
485
493
495
495
496
501
502
506
514
515
518
521
523
523
526
530
533
536
538
538
541
543
550
550
550
550
552
553
553
559
565
566
567
570
573
574
575
581
582
584
585
587
588
590
592
592
593
594
595
595
607
612
615
615
616
618
620
621
621
624
627
628
632
632
634
635
637
639
642
643
644
645
646
647
647
647
651
653
654
655
659
661
662
663
664
664
665
669
669
670
671
675
677
678
680
686
694
695
696
697
704
706
710
710
712
712
713
715
716
717
717
717
718
719
719
719
722
722
723
724
724
725
726
726
727
730
731
731
732
732
735
738
739
741
742
746
749
750
750
751
751
751
752
753
754
754
757
759
760
761
762
764
766
772
772
773
775
775
776
781
785
786
789
789
789
790
792
796
797
798
801
803
805
811
811
811
813
818
823
823
823
826
826
826
827
833
841
842
845
845
846
846
854
854
854
861
864
871
871
874
882
883
886
887
888
888
890
892
895
896
897
905
906
908
910
912
913
914
915
917
918
918
922
923
923
925
927
929
931
932
934
941
943
944
945
945
945
948
949
950
951
954
954
958
958
961
966
967
969
969
973
973
975
976
976
976
980
981
982
983
989
991
992
992
998
998
1000
1002
1003
1009
1010
1010
1013
1018
1019
1028
1029
1029
1031
1040
1041
1044
1047
1051
1058
1061
1062
1063
1063
1063
1065
1066
1068
1068
1070
1072
1073
1074
1075
1079
1081
1081
1083
1088
1091
1092
1094
1101
1102
1110
1116
1119
1121
1122
1122
1124
1125
1125
1126
1130
1133
1134
1135
1136
1137
1140
1143
1148
1150
1151
1152
1152
1153
1154
1154
1154
1158
1159
1160
1163
1168
1168
1170
1171
1172
1173
1176
1182
1185
1188
1193
1193
1194
1198
1198
1201
1203
1206
1208
1211
1212
1217
1219
1219
1221
1224
1228
1232
1232
1233
1236
1239
1240
1240
1241
1244
1245
1245
1251
1253
1259
1261
1262
1265
1265
1268
1268
1268
1271
1271
1274
1275
1280
1281
1281
1283
1287
1290
1291
1295
1295
1298
1299
1300
1302
1304
1305
1306
1306
1308
1310
1315
1316
1316
1321
1329
1330
1331
1333
1337
1337
1338
1340
1340
1345
1350
1351
1357
1360
1363
1364
1364
1366
1366
1368
1368
1369
1370
1371
1375
1376
1379
1380
1381
1385
1386
1386
1387
1395
1398
1398
1399
1400
1403
1408
1413
1418
1419
1419
1420
1422
1425
1428
1436
1438
1438
1440
1440
1443
1445
1445
1445
1449
1451
1453
1463
1463
1463
1464
1465
1465
1473
1475
1475
1481
1481
1496
1496
1498
1499
1499
1502
1504
1506
1509
1512
1520
1525
1529
1529
1529
1532
1532
1533
1540
1540
1543
1543
1545
1548
1555
1556
1559
1560
1562
1568
1569
1569
1570
1573
1573
1575
1576
1577
1579
1579
1580
1581
1586
1588
1589
1592
1593
1594
1596
1599
1601
1601
1602
1608
1609
1612
1613
1614
1614
1619
1620
1624
1627
1628
1628
1629
1630
1634
1635
1637
1638
1640
1640
1640
1641
1641
1641
1643
1643
1643
1644
1645
1646
1652
1655
1662
1662
1663
1665
1666
1666
1668
1670
1682
1683
1690
1691
1692
1694
1696
1697
1699
1699
1702
1703
1703
1704
1704
1704
1705
1707
1707
1709
1709
1711
1711
1713
1714
1716
1716
1717
1717
1717
1722
1723
1725
1725
1735
1736
1737
1737
1743
1743
1748
1749
1750
1752
1752
1753
1755
1756
1758
1767
1767
1770
1773
1775
1778
1778
1779
1780
1781
1782
1782
1787
1789
1792
1799
1799
1802
1802
1803
1807
1808
1809
1810
1812
1813
1817
1819
1820
1821
1822
1823
1824
1824
1825
1828
1830
1834
1840
1840
1841
1843
1845
1847
1849
1855
1857
1870
1881
1881
1881
1882
1883
1883
1886
1886
1887
1890
1894
1898
1898
1899
1900
1900
1909
1913
1914
1916
1917
1918
1919
1921
1930
1932
1937
1937
1938
1944
1945
1946
1948
1949
1950
1955
1963
1963
1965
1967
1967
1968
1969
1969
1970
1971
1972
1972
1972
1972
1974
1978
1979
1981
1985
1987
1993
1993
1996
1998
